1       17        5       22        3
2       18        8        5       17
3       19       11        8       18
4        4       14       11       19
5        5        6       21       22
6        8        9        6        5
7       11       12        9        8
8       14       15       12       11
9        6        7       20       21
10        9       10        7        6
11       12       13       10        9
12       15       16       13       12
13        7       25        2       20
14       10       24       25        7
15       13       23       24       10
16       16        1       23       13