        1   -1.000000000E+000    1.000000000E+000    0.000000000E+000
        2   -1.000000000E+000   -1.000000000E+000    0.000000000E+000
        3    1.000000000E+000   -1.000000000E+000    0.000000000E+000
        4    1.000000000E+000    1.000000000E+000    0.000000000E+000
        5    5.000000000E-001   -5.000000000E-001    0.000000000E+000
        6    0.000000000E+000   -5.000000000E-001    0.000000000E+000
        7   -5.000000000E-001   -5.000000000E-001    0.000000000E+000
        8    5.000000000E-001    2.220446049E-016    0.000000000E+000
        9    0.000000000E+000    5.551115123E-017    0.000000000E+000
       10   -5.000000000E-001    0.000000000E+000    0.000000000E+000
       11    5.000000000E-001    5.000000000E-001    0.000000000E+000
       12    0.000000000E+000    5.000000000E-001    0.000000000E+000
       13   -5.000000000E-001    5.000000000E-001    0.000000000E+000
       14    5.000000000E-001    1.000000000E+000    0.000000000E+000
       15    0.000000000E+000    1.000000000E+000    0.000000000E+000
       16   -5.000000000E-001    1.000000000E+000    0.000000000E+000
       17    1.000000000E+000   -5.000000000E-001    0.000000000E+000
       18    1.000000000E+000    0.000000000E+000    0.000000000E+000
       19    1.000000000E+000    5.000000000E-001    0.000000000E+000
       20   -5.000000000E-001   -1.000000000E+000    0.000000000E+000
       21    0.000000000E+000   -1.000000000E+000    0.000000000E+000
       22    5.000000000E-001   -1.000000000E+000    0.000000000E+000
       23   -1.000000000E+000    5.000000000E-001    0.000000000E+000
       24   -1.000000000E+000    0.000000000E+000    0.000000000E+000
       25   -1.000000000E+000   -5.000000000E-001    0.000000000E+000