1       17        5       22        3       36       37       31       30
2       18        8        5       17       46       35       36       60
3       19       11        8       18       53       45       46       61
4        4       14       11       19       32       52       53       33
5        5        6       21       22       34       40       63       37
6        8        9        6        5       44       39       34       35
7       11       12        9        8       51       48       44       45
8       14       15       12       11       58       55       51       52
9        6        7       20       21       38       42       62       40
10        9       10        7        6       47       41       38       39
11       12       13       10        9       54       49       47       48
12       15       16       13       12       59       56       54       55
13        7       25        2       20       43       29       28       42
14       10       24       25        7       50       65       43       41
15       13       23       24       10       57       64       50       49
16       16        1       23       13       26       27       57       56