        1   -1.000000000E+000    1.000000000E+000    0.000000000E+000
        2   -1.000000000E+000   -1.000000000E+000    0.000000000E+000
        3    1.000000000E+000   -1.000000000E+000    0.000000000E+000
        4    1.000000000E+000    1.000000000E+000    0.000000000E+000
        5    5.000000000E-001   -5.000000000E-001    0.000000000E+000
        6    0.000000000E+000   -5.000000000E-001    0.000000000E+000
        7   -5.000000000E-001   -5.000000000E-001    0.000000000E+000
        8    5.000000000E-001    2.220446049E-016    0.000000000E+000
        9    0.000000000E+000    5.551115123E-017    0.000000000E+000
       10   -5.000000000E-001    0.000000000E+000    0.000000000E+000
       11    5.000000000E-001    5.000000000E-001    0.000000000E+000
       12    0.000000000E+000    5.000000000E-001    0.000000000E+000
       13   -5.000000000E-001    5.000000000E-001    0.000000000E+000
       14    5.000000000E-001    1.000000000E+000    0.000000000E+000
       15    0.000000000E+000    1.000000000E+000    0.000000000E+000
       16   -5.000000000E-001    1.000000000E+000    0.000000000E+000
       17    1.000000000E+000   -5.000000000E-001    0.000000000E+000
       18    1.000000000E+000    0.000000000E+000    0.000000000E+000
       19    1.000000000E+000    5.000000000E-001    0.000000000E+000
       20   -5.000000000E-001   -1.000000000E+000    0.000000000E+000
       21    0.000000000E+000   -1.000000000E+000    0.000000000E+000
       22    5.000000000E-001   -1.000000000E+000    0.000000000E+000
       23   -1.000000000E+000    5.000000000E-001    0.000000000E+000
       24   -1.000000000E+000    0.000000000E+000    0.000000000E+000
       25   -1.000000000E+000   -5.000000000E-001    0.000000000E+000
       26   -7.500000000E-001    1.000000000E+000    0.000000000E+000
       27   -1.000000000E+000    7.500000000E-001    0.000000000E+000
       28   -7.500000000E-001   -1.000000000E+000    0.000000000E+000
       29   -1.000000000E+000   -7.500000000E-001    0.000000000E+000
       30    1.000000000E+000   -7.500000000E-001    0.000000000E+000
       31    7.500000000E-001   -1.000000000E+000    0.000000000E+000
       32    7.500000000E-001    1.000000000E+000    0.000000000E+000
       33    1.000000000E+000    7.500000000E-001    0.000000000E+000
       34    2.500000000E-001   -5.000000000E-001    0.000000000E+000
       35    5.000000000E-001   -2.500000000E-001    0.000000000E+000
       36    7.500000000E-001   -5.000000000E-001    0.000000000E+000
       37    5.000000000E-001   -7.500000000E-001    0.000000000E+000
       38   -2.500000000E-001   -5.000000000E-001    0.000000000E+000
       39    0.000000000E+000   -2.500000000E-001    0.000000000E+000
       40    0.000000000E+000   -7.500000000E-001    0.000000000E+000
       41   -5.000000000E-001   -2.500000000E-001    0.000000000E+000
       42   -5.000000000E-001   -7.500000000E-001    0.000000000E+000
       43   -7.500000000E-001   -5.000000000E-001    0.000000000E+000
       44    2.500000000E-001    1.387778781E-016    0.000000000E+000
       45    5.000000000E-001    2.500000000E-001    0.000000000E+000
       46    7.500000000E-001    1.110223025E-016    0.000000000E+000
       47   -2.500000000E-001    2.775557562E-017    0.000000000E+000
       48    0.000000000E+000    2.500000000E-001    0.000000000E+000
       49   -5.000000000E-001    2.500000000E-001    0.000000000E+000
       50   -7.500000000E-001    0.000000000E+000    0.000000000E+000
       51    2.500000000E-001    5.000000000E-001    0.000000000E+000
       52    5.000000000E-001    7.500000000E-001    0.000000000E+000
       53    7.500000000E-001    5.000000000E-001    0.000000000E+000
       54   -2.500000000E-001    5.000000000E-001    0.000000000E+000
       55    0.000000000E+000    7.500000000E-001    0.000000000E+000
       56   -5.000000000E-001    7.500000000E-001    0.000000000E+000
       57   -7.500000000E-001    5.000000000E-001    0.000000000E+000
       58    2.500000000E-001    1.000000000E+000    0.000000000E+000
       59   -2.500000000E-001    1.000000000E+000    0.000000000E+000
       60    1.000000000E+000   -2.500000000E-001    0.000000000E+000
       61    1.000000000E+000    2.500000000E-001    0.000000000E+000
       62   -2.500000000E-001   -1.000000000E+000    0.000000000E+000
       63    2.500000000E-001   -1.000000000E+000    0.000000000E+000
       64   -1.000000000E+000    2.500000000E-001    0.000000000E+000
       65   -1.000000000E+000   -2.500000000E-001    0.000000000E+000
